district,hour,actives,etudiantes,sansemploi,retraitee,inactives
1,4am,56.8361,8.702,3.7367,26.1451,4.58
1,5am,56.6991,8.7297,3.7486,26.2281,4.5946
1,6am,56.5234,8.7651,3.7638,26.3345,4.6132
1,7am,55.5086,7.5536,4.0052,28.0236,4.9091
1,8am,52.4606,8.3322,4.1686,29.9369,5.1017
1,9am,52.1807,8.0849,4.1722,30.2752,5.287
1,10am,50.5238,8.4551,4.274,31.3311,5.416
1,11am,50.5082,7.2305,4.3698,31.5746,6.3168
1,12am,52.1776,6.6197,4.3778,31.1271,5.6979
1,1pm,54.8185,5.6215,4.2925,29.98,5.2874
1,2pm,53.5283,7.4585,3.6372,30.0726,5.3035
1,3pm,53.55,8.0399,4.0543,28.6348,5.721
1,4pm,52.82,8.3562,4.6451,28.7694,5.4093
1,5pm,51.8647,7.8623,4.92,29.4867,5.8664
1,6pm,52.6178,10.3272,4.5085,27.0206,5.5259
1,7pm,54.7088,9.125,4.5011,26.8433,4.8219
1,8pm,57.1836,8.7286,4.2544,25.3723,4.461
1,9pm,57.1031,8.5572,4.2859,25.5599,4.494
1,10pm,56.5789,8.1181,4.394,26.3015,4.6074
1,11pm,56.2533,8.179,4.4269,26.4988,4.642
1,12pm,57.7066,7.3962,4.3435,25.9993,4.5545
1,1am,57.7066,7.3962,4.3435,25.9993,4.5545
1,2am,57.3461,7.9747,4.3164,25.8368,4.526
1,3am,57.6109,7.9252,4.2896,25.6764,4.4979
2,4am,56.0454,10.7764,0.7775,29.3351,3.0656
2,5am,56.0454,10.7764,0.7775,29.3351,3.0656
2,6am,56.876,10.5728,0.7628,28.7807,3.0077
2,7am,58.1661,9.8692,0.7669,28.1742,3.0237
2,8am,59.6364,3.625,0.8865,33.1513,2.7009
2,9am,57.258,3.1117,1.0044,35.5659,3.0601
2,10am,60.6863,2.1982,0.9837,33.1347,2.9971
2,11am,60.1935,2.0502,0.9175,34.8659,1.9728
2,12am,57.8004,3.4095,0.9582,34.9126,2.9193
2,1pm,59.0019,4.0493,0.7907,32.5471,3.611
2,2pm,56.4409,4.6458,0.8354,35.2217,2.8562
2,3pm,62.7307,2.3408,0.9045,31.8706,2.1534
2,4pm,59.4916,2.5589,0.9888,35.6332,1.3274
2,5pm,56.2352,5.2779,0.8895,33.1866,4.4106
2,6pm,50.3926,10.3392,0.8315,34.6398,3.797
2,7pm,56.7486,8.9359,0.8207,30.2585,3.2362
2,8pm,59.6182,7.7524,0.7969,28.6904,3.1421
2,9pm,58.5843,7.0991,0.8038,30.3435,3.1693
2,10pm,56.2953,10.4242,0.7795,29.4273,3.0737
2,11pm,56.9266,9.434,0.7879,29.7447,3.1068
2,12pm,58.0267,9.7219,0.7554,28.5174,2.9786
2,1am,58.0354,9.7234,0.7555,28.5067,2.9791
2,2am,56.9642,10.5511,0.7612,28.7219,3.0015
2,3am,56.9642,10.5511,0.7612,28.7219,3.0015
3,4am,62.5988,10.4239,2.4862,23.158,1.3332
3,5am,62.5988,10.4239,2.4862,23.158,1.3332
3,6am,62.2878,10.5106,2.5069,23.3505,1.3442
3,7am,62.203,9.9261,2.0233,24.392,1.4557
3,8am,58.5866,5.9923,2.6439,30.875,1.9022
3,9am,51.166,4.7302,3.7979,38.0537,2.2523
3,10am,49.8058,3.6842,5.055,39.116,2.339
3,11am,49.3032,3.788,5.1975,39.3064,2.4049
3,12am,47.8524,3.9947,4.7295,40.8873,2.5361
3,1pm,50.6382,4.7237,4.1945,40.4436,0
3,2pm,52.6092,4.8839,4.1518,38.3551,0
3,3pm,53.8097,4.5175,4.2872,37.3855,0
3,4pm,51.3807,4.686,4.4471,37.0376,2.4485
3,5pm,49.3209,5.6624,3.884,38.9941,2.1385
3,6pm,58.4791,7.4797,2.4498,31.5913,0
3,7pm,61.9108,10.1245,1.3585,25.1215,1.4848
3,8pm,60.4973,11.4896,1.78,25.5351,0.6979
3,9pm,63.484,10.4366,1.6169,23.8286,0.634
3,10pm,64.262,10.6972,1.2518,23.1393,0.6498
3,11pm,63.5795,10.4995,1.8664,22.7117,1.3428
3,12pm,63.5758,10.3199,2.4614,22.3231,1.3199
3,1am,63.9163,10.0567,2.3986,22.3422,1.2862
3,2am,63.9163,10.0567,2.3986,22.3422,1.2862
3,3am,63.9163,10.0567,2.3986,22.3422,1.2862
4,4am,57.2852,9.6217,4.0832,26.8137,2.1963
4,5am,57.3964,9.0626,4.1384,27.1766,2.226
4,6am,56.1721,9.323,4.2574,27.9575,2.29
4,7am,56.3914,8.6286,4.316,28.3425,2.3215
4,8am,52.9986,6.6009,4.6445,33.1856,2.5704
4,9am,53.0263,6.0049,3.9811,34.3288,2.6589
4,10am,53.0062,5.318,4.2284,34.7185,2.729
4,11am,51.157,5.4335,6.1247,34.4964,2.7883
4,12am,53.7982,5.6759,6.3979,32.0843,2.0438
4,1pm,54.2696,7.0711,4.3803,32.2262,2.0528
4,2pm,56.6867,7.4099,4.162,29.7908,1.9505
4,3pm,57.449,5.9127,3.2446,31.3455,2.0481
4,4pm,56.4143,7.9973,3.3983,29.0956,3.0945
4,5pm,55.2387,7.9027,3.3581,30.0188,3.4817
4,6pm,54.6201,7.9337,2.9693,31.5507,2.9262
4,7pm,55.1123,9.1061,3.697,29.6868,2.3978
4,8pm,58.4595,8.5737,3.3874,28.0675,1.5119
4,9pm,59.2803,8.9837,3.251,26.2786,2.2064
4,10pm,59.0599,9.0324,3.2686,26.4209,2.2183
4,11pm,58.628,8.9824,3.2505,26.9329,2.2061
4,12pm,57.9174,9.1367,3.3063,27.3956,2.244
4,1am,57.9174,9.1367,3.3063,27.3956,2.244
4,2am,57.9174,9.1367,3.3063,27.3956,2.244
4,3am,58.1904,9.0775,3.2849,27.2179,2.2294
5,4am,59.2665,4.1387,1.5206,31.8057,3.2686
5,5am,59.9383,4.0704,1.4955,31.281,3.2147
5,6am,58.4277,4.2239,1.5519,32.4606,3.3359
5,7am,57.785,4.2892,1.5759,32.9625,3.3875
5,8am,53.9474,3.7671,2.0566,36.3359,3.893
5,9am,53.494,3.939,2.1505,36.3459,4.0707
5,10am,54.262,3.8846,1.9949,35.8441,4.0144
5,11am,51.2428,5.3451,3.0474,36.5663,3.7985
5,12am,50.3055,3.9047,2.9827,38.7718,4.0352
5,1pm,52.2804,4.0196,2.6988,37.4095,3.5918
5,2pm,47.0995,5.456,2.632,40.806,4.0064
5,3pm,45.7425,4.1197,3.1989,42.6815,4.2574
5,4pm,49.0035,3.0934,3.1416,41.4103,3.3512
5,5pm,50.6582,4.1226,3.2012,38.6033,3.4148
5,6pm,56.9399,3.613,1.8737,33.688,3.8855
5,7pm,55.5128,5.0622,2.9379,32.9328,3.5543
5,8pm,58.6566,4.6153,1.9556,31.532,3.2405
5,9pm,59.5495,3.8097,1.9216,31.5351,3.1841
5,10pm,59.8731,2.9115,1.5228,32.4192,3.2734
5,11pm,60.3014,2.9217,1.5281,31.9639,3.2849
5,12pm,60.3571,2.9176,1.526,31.9191,3.2803
5,1am,60.4025,2.9142,1.5242,31.8825,3.2765
5,2am,60.5449,2.9038,1.5187,31.7679,3.2647
5,3am,60.5449,2.9038,1.5187,31.7679,3.2647
6,4am,50.7878,9.0722,2.8448,34.5915,2.7037
6,5am,51.0347,9.0267,2.8305,34.4179,2.6902
6,6am,48.2869,9.7783,3.8333,35.3393,2.7622
6,7am,48.6722,8.6732,3.023,36.7585,2.8731
6,8am,48.4852,6.5466,3.187,38.7523,3.0289
6,9am,49.2304,6.646,3.5376,37.2239,3.3622
6,10am,47.8215,6.462,4.0491,38.3984,3.2691
6,11am,48.4386,7.8026,3.4594,36.812,3.4874
6,12am,49.4645,7.4924,2.6976,36.9967,3.3488
6,1pm,52.4419,6.7561,2.4325,35.3499,3.0196
6,2pm,51.6236,6.4213,2.6169,36.8892,2.4491
6,3pm,53.0943,5.9413,0.8451,37.5323,2.5871
6,4pm,50.9319,5.8029,1.0493,38.8618,3.3541
6,5pm,45.9027,7.7973,2.3341,40.6656,3.3003
6,6pm,47.9611,7.9461,2.5377,38.4051,3.1502
6,7pm,48.6045,8.3374,3.0072,36.9832,3.0677
6,8pm,49.6211,8.1769,3.5045,35.8411,2.8563
6,9pm,48.0506,8.926,3.4486,35.9617,3.6131
6,10pm,47.3736,10.4051,2.285,36.2902,3.6461
6,11pm,48.8442,10.1144,2.2211,35.2761,3.5442
6,12pm,49.219,10.0403,2.2049,35.0177,3.5182
6,1am,49.3378,9.8854,2.8354,34.4774,3.4639
6,2am,49.5843,9.8373,2.8216,34.3097,3.4471
6,3am,49.5843,9.8373,2.8216,34.3097,3.4471
7,4am,47.3274,6.1893,1.8747,39.7751,4.8336
7,5am,48.1003,6.0984,1.8472,39.1915,4.7626
7,6am,48.6364,6.0355,1.8281,38.7866,4.7134
7,7am,47.9089,6.1209,1.854,39.336,4.7802
7,8am,50.1824,2.8563,1.9182,40.0973,4.9458
7,9am,54.3313,3.9372,1.69,35.6843,4.3573
7,10am,54.5349,4.4077,2.1603,33.8813,5.0158
7,11am,53.6132,4.2675,2.5622,34.7929,4.7642
7,12am,55.3522,4.3976,2.0878,34.5799,3.5824
7,1pm,52.8044,5.1419,2.4945,35.2656,4.2937
7,2pm,53.6695,4.7143,3.289,34.1932,4.134
7,3pm,50.1501,5.0335,4.6143,36.8768,3.3253
7,4pm,50.6171,7.0783,1.3184,37.2802,3.7059
7,5pm,47.6549,7.6812,2.0487,37.9758,4.6395
7,6pm,48.667,6.8697,2.478,37.3085,4.6768
7,7pm,46.5452,7.2575,1.9993,40.0113,4.1867
7,8pm,45.6226,7.9896,1.9788,40.2653,4.1438
7,9pm,48.8352,8.0559,1.2523,37.951,3.9056
7,10pm,48.4791,7.0062,1.2931,39.1886,4.033
7,11pm,47.1679,7.0957,1.3286,40.2641,4.1437
7,12pm,45.821,7.059,1.3217,40.8358,4.9625
7,1am,45.8919,7.0498,1.32,40.7823,4.956
7,2am,45.4133,7.1121,1.3317,41.143,4.9998
7,3am,45.4684,7.0268,1.9159,40.6492,4.9398
8,4am,59.232,8.8212,7.4743,19.9637,4.5088
8,5am,58.8745,8.8985,7.5399,20.1388,4.5483
8,6am,58.8745,8.8985,7.5399,20.1388,4.5483
8,7am,57.3445,9.1154,7.7236,21.1574,4.6591
8,8am,59.7669,1.8826,8.8313,24.1918,5.3273
8,9am,56.6981,1.1309,9.726,26.578,5.867
8,10am,58.6517,1.1425,6.8853,28.7696,4.5509
8,11am,63.5457,0,4.9051,27.9047,3.6445
8,12am,62.8343,0,6.7502,26.8369,3.5786
8,1pm,64.1543,1.8253,7.7789,22.2756,3.9658
8,2pm,60.8092,1.0887,9.3626,24.0588,4.6807
8,3pm,54.8962,1.6669,9.8058,27.619,6.012
8,4pm,51.6575,2.5707,10.5766,31.1723,4.0228
8,5pm,54.1769,4.9439,10.9447,25.2481,4.6864
8,6pm,52.1411,7.3499,9.3405,26.489,4.6795
8,7pm,56.6872,8.0442,9.008,21.6996,4.561
8,8pm,61.1962,7.9802,7.3147,20.0346,3.4743
8,9pm,60.4071,9.2009,8.4069,18.4175,3.5676
8,10pm,59.514,9.5348,9.4848,18.0973,3.3691
8,11pm,60.6701,8.8873,8.2191,18.7357,3.4879
8,12pm,59.6338,8.8128,8.1502,19.9446,3.4587
8,1am,59.9237,8.7495,8.0916,19.8014,3.4338
8,2am,59.9237,8.7495,8.0916,19.8014,3.4338
8,3am,59.9237,8.7495,8.0916,19.8014,3.4338
9,4am,55.8728,8.8594,4.0487,29.4707,1.7483
9,5am,57.3255,8.0266,3.9776,28.9527,1.7176
9,6am,57.5541,7.9836,3.9562,28.7976,1.7084
9,7am,57.4965,7.9945,3.9616,28.8367,1.7107
9,8am,55.987,3.2675,4.7706,33.9149,2.0601
9,9am,58.4898,1.4924,4.4525,33.6426,1.9227
9,10am,55.1264,1.5651,4.6691,36.6231,2.0163
9,11am,56.98,1.5405,3.7691,35.7258,1.9846
9,12am,57.9487,1.5517,3.0777,34.509,2.9129
9,1pm,57.777,1.4884,3.3581,34.5825,2.794
9,2pm,56.1866,0.8868,4.2431,35.8315,2.8519
9,3pm,55.7613,2.3542,6.0013,32.4454,3.4378
9,4pm,55.7017,3.6299,2.9777,35.7848,1.9059
9,5pm,54.1497,4.7996,3.0361,34.9641,3.0505
9,6pm,56.2116,4.9537,3.1892,32.9448,2.7007
9,7pm,58.4007,7.2609,3.1937,28.2441,2.9006
9,8pm,55.381,8.2883,3.5135,30.5172,2.3
9,9pm,55.236,8.2562,4.8877,29.3289,2.2911
9,10pm,55.6448,8.5537,2.3278,31.1001,2.3737
9,11pm,56.4783,8.2395,2.8208,30.1749,2.2865
9,12pm,56.9561,8.3984,2.105,30.7566,1.784
9,1am,56.4047,8.2597,3.3321,30.2489,1.7545
9,2am,56.4047,8.2597,3.3321,30.2489,1.7545
9,3am,56.7876,8.3158,3.3547,29.7755,1.7664
10,4am,57.4702,9.7105,3.1833,27.6568,1.9792
10,5am,57.6821,9.6621,3.1674,27.519,1.9693
10,6am,58.576,9.4581,3.1005,26.9377,1.9277
10,7am,57.4884,9.7064,3.1819,27.645,1.9783
10,8am,57.4479,8.1161,3.3401,29.0192,2.0766
10,9am,59.0343,4.0417,3.4994,31.2489,2.1757
10,10am,60.4491,3.2406,5.4682,28.7171,2.125
10,11am,58.3146,3.4463,3.6348,32.3445,2.2599
10,12am,57.9976,3.2452,4.128,32.3391,2.29
10,1pm,56.3351,4.1035,4.2137,33.0102,2.3375
10,2pm,57.6754,5.4931,3.2871,31.3361,2.2083
10,3pm,57.3619,4.8423,4.1339,30.9393,2.7226
10,4pm,58.0526,4.8982,4.3428,29.9525,2.754
10,5pm,54.8593,9.3566,3.2671,29.9914,2.5256
10,6pm,57.0137,10.0015,2.8288,27.9692,2.1868
10,7pm,55.2565,9.9729,4.3331,29.1747,1.2628
10,8pm,56.7452,10.8582,3.3806,27.5744,1.4416
10,9pm,57.9872,10.018,3.6844,26.3053,2.0051
10,10pm,56.4832,10.1156,3.7203,27.6563,2.0246
10,11pm,56.151,10.7058,3.6916,27.4426,2.009
10,12pm,56.8947,10.4835,3.1642,27.4905,1.9672
10,1am,57.1314,9.7879,3.2087,27.8772,1.9949
10,2am,57.1314,9.7879,3.2087,27.8772,1.9949
10,3am,57.1314,9.7879,3.2087,27.8772,1.9949
11,4am,48.0152,14.346,6.4374,25.5016,5.6998
11,5am,47.9666,14.3594,6.4434,25.5254,5.7051
11,6am,47.5582,14.0684,5.9325,26.5146,5.9263
11,7am,45.8127,14.4134,7.3169,26.3855,6.0716
11,8am,40.0414,20.5876,8.1019,25.9106,5.3584
11,9am,49.1602,17.927,7.3704,20.7176,4.8249
11,10am,52.9092,17.4622,5.8885,21.897,1.8431
11,11am,52.3468,17.711,6.9649,20.559,2.4182
11,12am,51.6689,17.4062,6.5082,20.1162,4.3005
11,1pm,52.1308,18.5999,6.1081,19.0328,4.1285
11,2pm,50.3472,18.8601,5.7306,20.3851,4.677
11,3pm,53.1905,16.8229,5.0762,18.6068,6.3035
11,4pm,52.103,16.0117,4.433,21.0537,6.3985
11,5pm,57.9524,12.8879,5.7196,17.295,6.1451
11,6pm,55.2989,12.7067,6.7844,18.9711,6.2389
11,7pm,55.1867,12.7145,6.8888,20.0737,5.1364
11,8pm,49.9226,13.8234,7.8264,22.6412,5.7865
11,9pm,49.7122,15.1581,6.8393,22.6908,5.5995
11,10pm,48.3697,15.1962,7.3218,24.2431,4.8693
11,11pm,48.4815,14.4819,7.4276,24.6693,4.9397
11,12pm,48.2812,14.5382,7.4565,24.7653,4.9589
11,1am,48.0577,14.1281,7.0821,25.1181,5.6141
11,2am,47.774,14.2052,7.1208,25.2553,5.6448
11,3am,48.1951,14.0907,7.0634,25.0516,5.5992
12,4am,49.1568,3.7622,6.0903,39.0094,1.9812
12,5am,48.8127,3.7877,6.1315,39.2735,1.9946
12,6am,48.0769,3.8421,6.2197,39.838,2.0233
12,7am,49.2981,2.9641,6.0021,39.7833,1.9525
12,8am,51.8198,3.7812,5.897,37.1204,1.3816
12,9am,49.9313,2.9605,7.244,39.1883,0.676
12,10am,51.6456,3.0527,9.7965,31.6692,3.8361
12,11am,51.4503,1.971,5.9842,36.4936,4.1009
12,12am,52.2465,2.7368,5.2487,38.3857,1.3823
12,1pm,46.677,3.0102,6.3922,41.8412,2.0794
12,2pm,46.2336,4.1998,5.0721,41.0096,3.4848
12,3pm,48.1077,2.8597,5.3735,39.5992,4.0599
12,4pm,54.2283,4.1851,6.4504,33.8973,1.2388
12,5pm,51.937,1.9772,5.6824,38.1183,2.2852
12,6pm,47.3081,6.4472,4.612,40.123,1.5098
12,7pm,47.7601,5.5147,4.2047,41.1439,1.3765
12,8pm,46.5376,5.5336,5.7129,40.1714,2.0445
12,9pm,47.23,4.8693,5.7096,40.1477,2.0433
12,10pm,48.2707,4.8369,4.9827,39.8801,2.0297
12,11pm,48.2263,4.8331,4.9788,39.9336,2.0281
12,12pm,47.1143,4.9369,5.0858,40.7913,2.0717
12,1am,47.6747,4.8317,5.5446,39.9215,2.0275
12,2am,48.1015,4.7301,6.1016,39.0819,1.9849
12,3am,48.1015,4.7301,6.1016,39.0819,1.9849
13,4am,53.5993,5.8953,3.8793,33.8705,2.7556
13,5am,53.3225,5.9304,3.9025,34.0726,2.772
13,6am,52.1101,6.0845,4.0038,34.9575,2.844
13,7am,51.5507,6.1555,4.0506,35.3659,2.8772
13,8am,45.7642,0.7826,5.1194,44.6974,3.6364
13,9am,43.8573,0,5.1854,48.1575,2.7999
13,10am,40.5824,2.2704,4.2207,50.0363,2.8902
13,11am,41.6241,2.6825,6.1106,45.7046,3.8783
13,12am,40.8946,2.6168,5.9609,47.6666,2.8611
13,1pm,45.2199,0.7612,4.9795,45.5023,3.5371
13,2pm,45.3315,3.9915,3.379,43.3976,3.9003
13,3pm,42.2805,3.8353,2.7103,47.4263,3.7476
13,4pm,42.4881,4.7922,4.3544,44.9666,3.3987
13,5pm,43.802,5.5406,5.3286,42.7494,2.5794
13,6pm,46.9103,6.6309,4.2716,39.153,3.0342
13,7pm,46.6776,8.2683,4.1407,37.2815,3.6319
13,8pm,47.6291,8.1482,3.374,37.2694,3.5792
13,9pm,49.0278,7.5023,3.4445,36.3715,3.6539
13,10pm,52.8168,6.9446,3.1885,33.6678,3.3823
13,11pm,52.6525,6.0187,3.2749,34.5799,3.474
13,12pm,52.5398,6.0299,3.9679,34.6439,2.8185
13,1am,52.9422,5.9787,3.9343,34.3502,2.7946
13,2am,52.9422,5.9787,3.9343,34.3502,2.7946
13,3am,52.9422,5.9787,3.9343,34.3502,2.7946
14,4am,57.7767,7.8829,4.4929,29.8476,0
14,5am,57.7767,7.8829,4.4929,29.8476,0
14,6am,57.6624,7.9042,4.505,29.9283,0
14,7am,58.3832,8.2798,4.3616,28.9754,0
14,8am,56.9922,8.8242,3.8201,30.3635,0
14,9am,56.8448,10.1252,3.2762,29.7537,0
14,10am,57.065,9.452,2.4651,31.0179,0
14,11am,55.1296,10.1351,3.1756,30.1001,1.4596
14,12am,53.8395,10.1362,3.4189,32.6054,0
14,1pm,54.893,8.1585,3.5066,33.4419,0
14,2pm,57.3545,6.4731,3.456,32.7164,0
14,3pm,59.6279,7.334,3.4927,29.5455,0
14,4pm,62.5067,5.9446,3.2995,26.9766,1.2726
14,5pm,56.6697,7.3615,4.162,30.5478,1.259
14,6pm,58.5871,6.108,5.3407,29.9643,0
14,7pm,57.7934,8.1447,4.1878,29.874,0
14,8pm,60.6129,7.266,3.736,28.385,0
14,9pm,61.9713,6.2468,3.5171,28.2648,0
14,10pm,61.8566,6.2454,4.0504,27.8475,0
14,11pm,61.9398,7.1734,3.9094,26.9774,0
14,12pm,61.7126,7.1815,3.9138,27.1921,0
14,1am,60.9399,7.1958,4.6183,27.246,0
14,2am,61.2567,7.2332,4.1226,27.3876,0
14,3am,60.9918,7.2826,4.1508,27.5748,0
15,4am,47.9921,9.5623,9.0557,25.6695,7.7204
15,5am,46.7483,9.791,9.2723,26.2834,7.905
15,6am,45.8339,9.2366,9.5857,27.1716,8.1722
15,7am,44.7142,9.5623,9.9237,27.3396,8.4603
15,8am,41.9611,6.5974,9.9638,32.2674,9.2103
15,9am,40.946,7.2172,11.8206,30.6434,9.3729
15,10am,37.7599,6.0854,12.5592,32.7336,10.8618
15,11am,36.9333,5.9833,10.9873,36.0057,10.0905
15,12am,38.9021,6.8449,12.5675,33.359,8.3265
15,1pm,37.9641,8.5784,12.2712,32.2038,8.9826
15,2pm,38.0944,6.9412,11.4178,34.1732,9.3734
15,3pm,35.3793,9.4113,10.6137,34.1761,10.4196
15,4pm,36.0663,6.2637,11.0812,35.1248,11.4641
15,5pm,38.2133,9.1592,9.7409,32.9587,9.928
15,6pm,42.0499,8.3248,9.7435,32.7996,7.0822
15,7pm,44.2071,10.5785,9.0183,29.6509,6.5451
15,8pm,47.4928,10.5709,8.814,26.5203,6.602
15,9pm,49.8399,8.9542,9.11,25.098,6.9979
15,10pm,48.4342,9.8444,9.224,25.4119,7.0855
15,11pm,47.2714,10.654,9.1411,25.9116,7.0218
15,12pm,47.0694,10.5816,9.0351,25.611,7.7028
15,1am,47.9286,10.4099,8.8885,25.1953,7.5778
15,2am,48.3162,10.3324,8.8223,25.0077,7.5214
15,3am,48.8124,9.4115,8.9129,25.2646,7.5986
16,4am,54.0711,10.1827,8.406,17.3441,9.9961
16,5am,53.1049,10.3969,8.5829,17.7089,10.2063
16,6am,51.2474,10.8087,8.9228,18.4104,10.6106
16,7am,51.9256,10.8162,8.929,18.4231,9.9061
16,8am,49.0311,6.4637,10.6657,22.0065,11.8329
16,9am,49.3544,4.9579,11.8751,23.0748,10.7378
16,10am,49.3393,4.145,12.4053,22.8341,11.2764
16,11am,51.261,2.0375,11.3134,23.6623,11.7258
16,12am,52.267,1.0222,10.2172,24.0878,12.4058
16,1pm,50.5761,4.7074,9.9367,21.3447,13.435
16,2pm,47.5896,4.9326,7.5753,23.7021,16.2004
16,3pm,48.6194,7.1831,7.1374,21.7961,15.264
16,4pm,49.6333,9.2032,8.3979,20.0329,12.7327
16,5pm,52.7029,8.0428,6.0077,19.9718,13.2749
16,6pm,51.3029,13.6528,5.8477,16.9057,12.2908
16,7pm,48.9461,14.8211,6.7497,18.4848,10.9984
16,8pm,51.4257,14.8997,6.3038,17.0988,10.2719
16,9pm,51.0515,13.3959,6.2149,18.6956,10.6421
16,10pm,52.1883,11.7397,7.0834,18.3639,10.6247
16,11pm,53.0395,11.861,7.0547,17.4632,10.5816
16,12pm,53.1889,11.396,7.6083,17.6401,10.1667
16,1am,53.2203,11.2209,8.1791,17.3691,10.0105
16,2am,52.5382,11.3845,8.2984,17.6224,10.1565
16,3am,52.8169,11.4449,7.8119,17.7159,10.2103
17,4am,44.3058,13.0101,11.5742,17.123,13.987
17,5am,44.4712,12.9714,11.5398,17.0722,13.9454
17,6am,44.1273,13.0518,11.6112,17.1779,14.0318
17,7am,41.9218,13.3444,11.8715,17.563,15.2994
17,8am,48.8364,8.0115,11.6167,16.5646,14.9709
17,9am,54.5703,8.2965,8.0165,16.4208,12.696
17,10am,55.7616,8.2281,7.3329,16.0613,12.616
17,11am,58.9267,8.3681,9.9429,11.8451,10.9172
17,12am,57.1589,8.4115,12.7767,11.1007,10.5522
17,1pm,59.2257,7.0682,10.8229,11.9,10.9832
17,2pm,56.3869,5.847,12.3681,13.2816,12.1164
17,3pm,57.2167,5.6899,10.8184,12.5809,13.6941
17,4pm,53.6955,5.7074,11.2402,16.2934,13.0635
17,5pm,56.1201,8.2576,10.6602,13.5911,11.371
17,6pm,52.8577,9.7314,13.1794,11.2024,13.029
17,7pm,53.8674,10.955,12.2043,11.2613,11.712
17,8pm,47.1633,11.9573,12.0464,16.2537,12.5794
17,9pm,50.7054,11.9448,10.7437,14.6009,12.0051
17,10pm,48.2434,13.3782,10.1821,14.9652,13.231
17,11pm,48.4719,13.055,10.1199,16.1237,12.2295
17,12pm,45.6213,12.3209,11.6174,16.4013,14.0392
17,1am,44.3887,12.6002,11.8807,16.773,14.3574
17,2am,44.3887,12.6002,11.8807,16.773,14.3574
17,3am,44.0349,12.4997,11.786,17.4364,14.243
18,4am,52.7931,9.1357,8.6972,22.2107,7.1634
18,5am,52.4363,9.2047,8.7629,22.3785,7.2175
18,6am,52.5818,9.1766,8.7361,22.3101,7.1954
18,7am,51.7887,8.7155,9.0226,23.0418,7.4314
18,8am,53.1025,6.2766,9.9151,23.9263,6.7796
18,9am,50.3364,6.9713,9.8238,25.921,6.9476
18,10am,48.0421,8.8869,9.1192,25.1875,8.7643
18,11am,48.6157,10.127,9.7379,23.4642,8.0552
18,12am,47.0912,10.2001,10.4592,24.7972,7.4522
18,1pm,44.4285,11.2898,9.7718,28.3713,6.1385
18,2pm,48.6923,9.117,10.5014,25.2739,6.4155
18,3pm,45.0491,10.2508,10.6831,26.2461,7.7709
18,4pm,50.7555,8.8688,9.6582,24.0114,6.7061
18,5pm,48.7584,10.3405,7.5607,25.1449,8.1955
18,6pm,46.9855,11.156,8.8868,25.4718,7.4999
18,7pm,48.8107,10.947,7.8154,25.2862,7.1407
18,8pm,48.0418,11.6767,9.3893,23.992,6.9002
18,9pm,49.4721,12.1212,9.5265,23.0545,5.8257
18,10pm,48.111,11.7711,9.3553,23.8914,6.8712
18,11pm,49.653,10.503,10.0311,23.1538,6.6591
18,12pm,50.4965,10.1638,9.7072,22.4061,7.2264
18,1am,51.6523,9.9265,9.4806,21.883,7.0577
18,2am,51.558,10.5137,9.3589,21.6022,6.9671
18,3am,51.2812,10.5738,9.4124,21.7257,7.0069
19,4am,49.6008,6.8498,10.9895,22.3754,10.1845
19,5am,49.2357,7.9567,10.8023,21.9943,10.011
19,6am,47.0657,8.2968,11.2641,22.9345,10.4389
19,7am,47.9421,8.1594,11.0776,22.5548,10.2661
19,8am,61.6653,6.8202,8.3729,16.5603,6.5813
19,9am,66.1933,7.2448,6.4339,13.8578,6.2702
19,10am,68.3013,6.5706,6.3979,12.6453,6.0848
19,11am,68.6755,6.4014,6.1268,13.0134,5.7829
19,12am,67.797,6.7341,6.8299,12.1423,6.4966
19,1pm,66.587,5.9858,6.7477,13.9408,6.7388
19,2pm,67.2034,4.9631,6.9748,14.9945,5.8642
19,3pm,68.1356,5.6617,7.8355,12.6772,5.69
19,4pm,65.4346,5.6632,8.9015,14.0941,5.9066
19,5pm,62.7424,5.7141,8.3346,15.3094,7.8995
19,6pm,58.5693,6.0341,10.5345,15.5696,9.2926
19,7pm,55.1915,6.576,10.4387,18.4247,9.3691
19,8pm,54.0774,6.9285,9.3652,20.3793,9.2497
19,9pm,49.0158,7.8463,9.5242,23.86,9.7538
19,10pm,50.2429,7.3192,9.2434,24.4018,8.7926
19,11pm,50.8726,7.4805,8.6311,24.0294,8.9864
19,12pm,49.8697,7.8608,10.1897,22.6365,9.4433
19,1am,49.0021,8.1716,10.5926,22.4169,9.8167
19,2am,49.0021,8.1716,10.5926,22.4169,9.8167
19,3am,49.0021,8.1716,10.5926,22.4169,9.8167
20,4am,55.453,10.1225,7.956,18.5669,7.9016
20,5am,55.1138,10.1996,8.0166,18.7083,7.9617
20,6am,54.812,10.2682,8.0705,18.8341,8.0153
20,7am,55.2324,10.3482,8.1334,18.9809,7.3051
20,8am,49.8739,8.8192,9.363,22.6449,9.299
20,9am,46.6478,11.9714,7.9908,23.0242,10.3657
20,10am,45.3033,9.7303,9.3671,26.3614,9.2379
20,11am,43.4117,8.5011,11.2278,25.9834,10.876
20,12am,43.6235,9.6706,10.5066,25.9679,10.2314
20,1pm,46.9225,10.0419,11.851,21.3055,9.8791
20,2pm,51.8724,8.3486,11.4071,20.9165,7.4553
20,3pm,51.4151,8.415,11.0454,20.1991,8.9254
20,4pm,53.3578,6.6828,11.1881,21.7309,7.0404
20,5pm,51.7194,6.7927,10.1606,23.2176,8.1097
20,6pm,51.8902,7.5147,9.428,21.2861,9.881
20,7pm,54.0375,8.5689,9.1751,19.7946,8.424
20,8pm,54.8012,7.9438,10.8532,19.4307,6.9711
20,9pm,57.1875,7.6066,10.7142,17.8165,6.6752
20,10pm,57.8989,8.1673,10.1094,17.3311,6.4933
20,11pm,57.7621,8.3258,9.6255,17.6674,6.6193
20,12pm,57.806,7.9867,8.6568,17.6988,7.8517
20,1am,57.806,7.9867,8.6568,17.6988,7.8517
20,2am,58.2507,7.7644,8.4158,17.9361,7.6331
20,3am,58.1374,8.3248,8.305,17.7001,7.5326
21,4am,55.5201,9.5006,6.5894,17.411,10.979
21,5am,54.6884,9.8026,6.7988,17.9644,10.7457
21,6am,53.11,10.1441,7.0357,18.5902,11.1201
21,7am,50.0868,10.1369,7.4746,19.7501,12.5517
21,8am,49.9074,7.4377,7.8973,21.9316,12.8261
21,9am,44.2952,17.3111,6.8949,19.2266,12.2722
21,10am,42.094,16.7368,7.2006,20.9235,13.045
21,11am,42.7734,19.4375,4.9726,21.1124,11.7041
21,12am,45.4748,15.5618,6.8288,19.5178,12.6169
21,1pm,43.8381,14.3234,7.5794,21.1378,13.1213
21,2pm,44.2283,15.6635,5.6175,21.363,13.1278
21,3pm,45.7725,14.5484,4.8511,23.2123,11.6157
21,4pm,46.6905,16.208,6.3988,19.0654,11.6373
21,5pm,49.5907,15.6079,7.314,16.7312,10.7562
21,6pm,56.5164,7.4188,8.5553,18.6121,8.8975
21,7pm,57.8385,9.8969,5.004,16.3925,10.8681
21,8pm,57.2537,8.4756,4.5214,18.3789,11.3704
21,9pm,57.6801,8.9799,4.5403,18.4559,10.3438
21,10pm,57.3383,8.8681,4.4838,18.2262,11.0836
21,11pm,55.9667,8.6864,5.1348,18.5285,11.6837
21,12pm,55.581,8.7624,5.1797,18.6908,11.786
21,1am,55.7632,9.5357,5.0409,18.19,11.4702
21,2am,55.1196,9.1069,6.0599,18.2228,11.4909
21,3am,54.6622,9.0313,6.8394,18.0716,11.3956
22,4am,37.8031,9.7587,16.4024,24.8266,11.2092
22,5am,37.8031,9.7587,16.4024,24.8266,11.2092
22,6am,37.4038,9.8214,16.5077,24.986,11.2812
22,7am,35.0556,10.1898,17.1269,25.9233,11.7044
22,8am,37.3065,10.4395,16.0172,26.2933,9.9435
22,9am,42.4605,9.1866,14.6523,24.3285,9.3722
22,10am,46.2858,9.5504,11.8037,22.6167,9.7433
22,11am,47.8526,13.3921,11.2632,19.968,7.5241
22,12am,40.7804,13.4643,10.7142,26.7349,8.3061
22,1pm,43.0018,16.0207,9.9498,23.0797,7.948
22,2pm,43.289,11.3068,11.999,25.1463,8.259
22,3pm,43.4793,10.7185,9.9334,28.3646,7.5041
22,4pm,45.3783,10.1556,11.1215,26.1476,7.1969
22,5pm,40.4679,8.0931,13.7339,29.4301,8.2749
22,6pm,36.504,10.8069,12.848,30.2963,9.5447
22,7pm,37.522,10.4616,15.8897,27.0595,9.0671
22,8pm,38.8586,9.0249,17.4314,25.0996,9.5854
22,9pm,37.8403,12.2136,15.0995,24.5348,10.3118
22,10pm,40.1894,11.1813,14.7014,23.8879,10.04
22,11pm,40.5042,11.1225,14.624,23.7622,9.9871
22,12pm,40.0935,9.4391,16.3125,23.4669,10.6879
22,1am,39.9133,9.1876,15.8779,23.7298,11.2914
22,2am,39.5964,9.1146,15.7518,24.3354,11.2018
22,3am,39.5964,9.1146,15.7518,24.3354,11.2018
23,4am,43.9199,5.074,3.1323,41.9258,5.9479
23,5am,43.8721,4.998,3.0854,41.2975,6.7471
23,6am,42.3216,5.1361,3.1706,42.4383,6.9334
23,7am,43.2967,5.218,3.2212,42.1474,6.1167
23,8am,40.463,5.4737,3.5269,43.8392,6.6972
23,9am,40.233,5.0561,3.1229,44.3938,7.1942
23,10am,41.4173,5.3757,3.3202,43.1167,6.7701
23,11am,42.5024,5.1472,5.0776,38.9567,8.3161
23,12am,41.8594,5.0553,3.788,41.4139,7.8834
23,1pm,43.9558,5.5114,3.5967,40.1065,6.8296
23,2pm,42.683,5.0885,4.0759,39.65,8.5027
23,3pm,42.6814,5.4755,3.0722,42.1939,6.5771
23,4pm,44.1344,4.9943,4.1866,41.3267,5.3581
23,5pm,41.8366,4.64,2.4129,45.1483,5.9622
23,6pm,38.8005,4.873,4.0451,45.311,6.9703
23,7pm,37.8203,4.322,6.3265,41.7718,9.7593
23,8pm,40.2289,4.7696,6.2919,42.3408,6.3688
23,9pm,40.321,5.6557,6.0989,41.751,6.1734
23,10pm,41.808,5.5103,4.2707,42.3963,6.0147
23,11pm,44.0598,5.4313,3.4736,41.1069,5.9284
23,12pm,43.7385,5.3968,3.4515,41.5225,5.8907
23,1am,44.1155,5.3606,3.4284,41.2443,5.8513
23,2am,43.8219,5.9904,3.4056,40.9698,5.8123
23,3am,43.9734,6.0112,3.0715,41.1115,5.8324
24,4am,50.0006,14.7647,3.5232,26.5917,5.1198
24,5am,49.8721,14.8026,3.5323,26.66,5.1329
24,6am,49.4258,14.3653,3.6207,27.3269,5.2613
24,7am,48.7842,14.5475,3.6666,27.6736,5.3281
24,8am,48.7435,11.979,3.8391,29.5739,5.8644
24,9am,48.7742,12.8975,4.6965,28.0767,5.5551
24,10am,47.5293,9.8788,4.6085,31.6157,6.3677
24,11am,50.4689,11.5869,4.4986,28.2211,5.2244
24,12am,49.2474,10.9599,4.866,29.2755,5.6512
24,1pm,46.1567,10.5326,4.7135,32.3846,6.2126
24,2pm,48.11,9.6624,4.6515,32.3444,5.2317
24,3pm,50.8932,9.5474,4.3822,30.2735,4.9036
24,4pm,50.5976,8.6749,5.4797,30.4184,4.8294
24,5pm,51.5278,10.5001,4.1093,28.7197,5.1432
24,6pm,46.9779,11.8909,5.7095,30.9875,4.4342
24,7pm,49.3091,13.8247,4.3986,28.3142,4.1533
24,8pm,48.853,13.929,3.8782,27.7043,5.6355
24,9pm,49.0568,12.5123,4.0046,28.6072,5.8192
24,10pm,48.672,11.7322,4.0322,29.7042,5.8594
24,11pm,47.7145,13.1142,3.9169,29.5626,5.6918
24,12pm,48.7945,15.0356,3.6168,27.2975,5.2557
24,1am,48.9057,15.5426,3.5549,26.8309,5.1658
24,2am,49.3077,15.4203,3.527,26.6198,5.1252
24,3am,49.3077,15.4203,3.527,26.6198,5.1252
25,4am,46.8219,23.7919,5.6556,20.8359,2.8947
25,5am,48.1981,23.4996,5.447,20.0673,2.7879
25,6am,52.9156,21.6925,4.8869,18.0037,2.5012
25,7am,55.6001,19.8624,4.7225,17.398,2.4171
25,8am,59.1035,19.3566,4.3479,14.9667,2.2253
25,9am,54.823,24.5282,3.7175,14.7738,2.1576
25,10am,55.2648,27.234,2.6168,12.5339,2.3505
25,11am,53.764,29.9593,2.1699,12.443,1.6638
25,12am,52.0782,30.591,3.4567,11.9415,1.9327
25,1pm,51.2347,25.0358,5.3024,15.9413,2.4858
25,2pm,51.4094,26.1555,5.021,15.2269,2.1873
25,3pm,47.0355,30.9789,4.3864,15.3071,2.2922
25,4pm,48.4577,29.6592,3.1163,16.8239,1.9429
25,5pm,47.8682,28.9301,4.8721,15.9387,2.3909
25,6pm,48.893,25.969,6.7328,16.2719,2.1333
25,7pm,49.232,22.3504,6.3021,19.3295,2.786
25,8pm,50.42,21.9551,6.3267,18.4499,2.8483
25,9pm,52.9713,20.8956,5.7008,17.5693,2.8629
25,10pm,49.3014,22.5047,6.2253,19.1748,2.7937
25,11pm,47.1651,23.7641,5.5559,20.7248,2.7901
25,12pm,46.9241,24.6791,5.3442,20.3174,2.7353
25,1am,46.151,25.0386,5.422,20.6133,2.7751
25,2am,46.4172,24.6062,5.4533,20.7323,2.7911
25,3am,47.1238,24.2816,5.3814,20.4588,2.7543
26,4am,44.7552,14.5816,9.1889,22.8466,8.6277
26,5am,45.6951,14.3335,9.0326,22.4579,8.481
26,6am,45.3018,14.4373,9.098,22.6205,8.5424
26,7am,43.6553,14.5216,9.451,23.4982,8.8738
26,8am,46.0752,12.154,9.6059,23.8832,8.2817
26,9am,44.3879,10.0271,11.9136,24.6196,9.0519
26,10am,46.3269,10.5919,9.7758,23.8253,9.4801
26,11am,45.939,10.5758,7.6634,26.2601,9.5617
26,12am,49.7198,13.529,5.274,23.4802,7.9971
26,1pm,48.3421,17.2947,4.892,22.1054,7.3658
26,2pm,45.9416,16.6156,5.7968,23.5259,8.1202
26,3pm,48.3466,13.9062,6.4959,22.4148,8.8365
26,4pm,50.5038,12.5056,7.6709,21.0393,8.2803
26,5pm,45.9459,9.1817,8.4114,26.3388,10.1222
26,6pm,43.0189,8.9907,8.7873,30.376,8.827
26,7pm,38.5139,12.901,8.7326,29.3008,10.5517
26,8pm,43.1,14.7614,8.3976,24.8074,8.9336
26,9pm,43.8732,16.3029,8.545,22.2254,9.0535
26,10pm,46.9214,14.7319,7.8679,21.6569,8.8219
26,11pm,45.4893,14.8102,8.1457,22.4215,9.1333
26,12pm,44.3098,16.368,8.2057,22.5868,8.5297
26,1am,45.204,16.1052,8.074,22.2242,8.3927
26,2am,45.204,16.1052,8.074,22.2242,8.3927
26,3am,45.204,16.1052,8.074,22.2242,8.3927
27,4am,44.4288,6.8235,14.9244,23.8841,9.9392
27,5am,44.4038,6.8266,14.9311,23.8948,9.9437
27,6am,44.4971,6.8151,14.9061,23.8547,9.927
27,7am,42.2,7.6944,15.3402,24.5494,10.2161
27,8am,43.3421,6.1582,15.4608,24.7425,10.2964
27,9am,41.0739,6.792,15.2788,25.4991,11.3562
27,10am,44.3309,6.133,15.2278,23.3191,10.9892
27,11am,44.2563,6.8481,13.4846,24.373,11.038
27,12am,43.9769,6.4383,14.7245,23.9269,10.9334
27,1pm,41.5945,7.7028,16.1247,23.7331,10.8448
27,2pm,42.5702,5.6915,16.003,25.2512,10.4841
27,3pm,40.844,5.8355,16.631,26.5249,10.1646
27,4pm,42.5142,6.5863,18.0935,23.1595,9.6464
27,5pm,42.9992,9.0421,16.1171,22.6221,9.2195
27,6pm,43.5803,6.7458,15.0322,24.4361,10.2057
27,7pm,41.2343,8.4498,14.9632,25.7376,9.6151
27,8pm,42.2147,7.8417,16.0847,24.126,9.7329
27,9pm,42.0006,7.5197,16.2574,24.385,9.8374
27,10pm,43.1828,6.6145,16.4046,24.6059,9.1923
27,11pm,43.5013,6.5492,15.7582,24.3629,9.8284
27,12pm,43.046,7.2208,15.6899,24.2574,9.7859
27,1am,43.1634,7.2404,15.4601,24.3236,9.8126
27,2am,43.1634,7.2404,15.4601,24.3236,9.8126
27,3am,43.55,7.1912,15.3549,24.1581,9.7458
28,4am,42.732,12.5633,8.5756,26.933,9.1962
28,5am,42.6752,12.5757,8.5841,26.9597,9.2053
28,6am,43.8249,12.3235,8.4119,26.419,9.0207
28,7am,46.2309,11.3017,8.1464,25.5851,8.7359
28,8am,51.2323,15.3575,5.4577,21.0865,6.8659
28,9am,55.6811,13.7303,4.7887,19.4768,6.3231
28,10am,55.6662,14.7942,5.0085,18.8413,5.6899
28,11am,56.5394,15.4744,6.3381,16.1534,5.4947
28,12am,55.6904,16.019,4.7082,17.1201,6.4624
28,1pm,54.339,16.6762,4.6776,17.2937,7.0135
28,2pm,58.906,13.4251,4.878,16.6253,6.1656
28,3pm,59.4886,14.7419,4.888,15.6764,5.2051
28,4pm,57.3805,14.2811,4.7624,18.3571,5.2188
28,5pm,49.8422,16.3817,6.0311,21.2909,6.4541
28,6pm,44.9259,13.9159,6.5807,26.1853,8.3922
28,7pm,46.5152,12.7177,5.4952,27.1789,8.0931
28,8pm,48.4812,9.7913,6.4549,26.1913,9.0812
28,9pm,47.3878,11.0344,6.3424,26.1377,9.0976
28,10pm,48.1805,9.7208,6.4202,26.4694,9.2091
28,11pm,44.3595,10.7354,7.2665,28.1255,9.513
28,12pm,43.6714,10.5635,8.7291,27.6753,9.3607
28,1am,43.6703,10.5637,8.7292,27.6759,9.3609
28,2am,43.2318,11.2605,8.68,27.5197,9.3081
28,3am,42.9073,11.9266,8.6148,27.3131,9.2382
29,4am,35.0023,11.1399,18.0297,26.1271,9.701
29,5am,36.4562,10.8907,17.6265,25.5427,9.484
29,6am,37.0271,10.7928,17.4681,25.3132,9.3988
29,7am,37.5715,10.0951,17.5194,25.3876,9.4264
29,8am,44.3609,4.2228,17.644,24.2789,9.4934
29,9am,45.3206,5.0756,17.0708,23.3536,9.1792
29,10am,51.7716,3.3063,17.4456,18.0391,9.4375
29,11am,48.2844,2.5506,20.3685,19.4921,9.3044
29,12am,46.2455,3.0054,18.7797,21.9653,10.0041
29,1pm,38.5597,4.9455,17.693,27.6417,11.16
29,2pm,40.7494,1.7801,17.1596,26.894,13.4168
29,3pm,46.6109,1.8781,14.7074,26.5931,10.2106
29,4pm,44.4827,3.1893,16.8953,24.6617,10.771
29,5pm,44.1407,5.3826,17.6861,22.4828,10.3077
29,6pm,35.9405,7.1782,20.0713,26.0106,10.7995
29,7pm,32.5235,10.8152,17.5412,29.2719,9.8482
29,8pm,33.4175,11.9146,18.239,26.189,10.2399
29,9pm,31.5057,11.688,18.6695,28.0915,10.0452
29,10pm,31.3748,13.7779,18.592,26.2518,10.0035
29,11pm,32.3423,13.5837,18.3298,25.8817,9.8625
29,12pm,33.6006,12.0113,18.9573,25.6548,9.776
29,1am,33.6006,12.0113,18.9573,25.6548,9.776
29,2am,33.6006,12.0113,18.9573,25.6548,9.776
29,3am,33.6006,12.0113,18.9573,25.6548,9.776
30,4am,50.7491,26.2468,8.8722,9.5783,4.5535
30,5am,51.692,25.7444,8.7024,9.395,4.4663
30,6am,52.5361,25.0105,8.6599,9.349,4.4445
30,7am,50.803,25.627,9.3931,9.7648,4.4121
30,8am,56.645,20.12,8.8854,9.237,5.1127
30,9am,55.5,20.5132,9.317,10.0987,4.5712
30,10am,56.505,20.7548,6.9827,9.9393,5.8183
30,11am,57.4104,19.3672,6.7564,10.7405,5.7255
30,12am,60.5354,18.2479,7.0686,9.8602,4.288
30,1pm,57.0903,20.5863,7.9611,9.2484,5.114
30,2pm,58.9803,19.6673,7.1772,9.3564,4.8188
30,3pm,59.5487,18.7617,7.756,10.1007,3.8328
30,4pm,58.0001,16.321,6.8982,12.8735,5.9073
30,5pm,52.7759,19.755,9.2831,14.3866,3.7994
30,6pm,54.1369,25.2219,5.407,9.6389,5.5954
30,7pm,51.8477,24.6913,7.4098,11.1763,4.8749
30,8pm,50.0908,25.4422,9.1054,10.5497,4.812
30,9pm,51.0118,23.6065,10.1438,9.879,5.359
30,10pm,51.2867,24.2877,10.1186,9.8544,4.4527
30,11pm,50.7357,23.8854,11.5935,9.3436,4.4419
30,12pm,51.0055,23.9401,11.0402,9.4986,4.5156
30,1am,51.8697,24.9463,8.521,9.9384,4.7247
30,2am,51.3057,25.085,9.1057,9.8303,4.6733
30,3am,51.5439,25.3112,8.9265,9.6369,4.5814
31,4am,60.8221,18.8755,5.1213,13.1154,2.0657
31,5am,60.5508,19.0062,5.1567,13.2062,2.08
31,6am,60.7455,18.9124,5.1313,13.141,2.0698
31,7am,60.871,19.1616,5.0368,12.899,2.0317
31,8am,57.9132,26.2364,4.1924,10.062,1.596
31,9am,58.0983,26.7159,4.3412,9.229,1.6156
31,10am,58.5958,26.0824,4.2195,9.5078,1.5945
31,11am,59.2181,25.3113,3.7177,9.0946,2.6583
31,12am,59.3059,25.3945,3.6053,8.9845,2.7099
31,1pm,62.1084,24.885,2.4948,8.5674,1.9444
31,2pm,61.7765,25.8326,2.8492,7.7406,1.8012
31,3pm,61.4591,24.8527,3.8606,7.7398,2.0877
31,4pm,58.8346,27.1036,2.8104,9.9285,1.3229
31,5pm,54.5794,28.2573,3.5343,11.5761,2.0529
31,6pm,57.0823,21.4286,3.9283,15.4102,2.1506
31,7pm,60.0728,19.898,5.8801,11.9388,2.2103
31,8pm,57.3866,22.9831,5.2584,11.8344,2.5375
31,9pm,57.5385,20.4083,5.8657,14.822,1.3655
31,10pm,60.0592,18.6295,5.3513,14.5503,1.4098
31,11pm,61.7225,17.4617,5.4632,13.9665,1.3861
31,12pm,62.3764,16.4804,6.0957,13,2.0476
31,1am,62.9533,16.9748,5.4393,12.6415,1.9911
31,2am,62.8179,17.8477,4.9515,12.3856,1.9973
31,3am,62.3067,18.5162,4.9113,12.2848,1.981
32,4am,52.0991,14.0366,4.4485,23.4606,5.9552
32,5am,51.5886,14.1862,4.496,23.7106,6.0187
32,6am,52.207,14.005,4.4385,23.4077,5.9418
32,7am,53.5406,13.1209,4.3795,23.0963,5.8627
32,8am,64.001,9.5053,3.4803,18.3543,4.6591
32,9am,69.8787,7.3689,2.5557,16.7755,3.4213
32,10am,70.3219,7.3554,2.3312,18.0042,1.9873
32,11am,69.261,7.0771,3.1012,17.7033,2.8575
32,12am,71.9697,7.3942,2.9456,15.5925,2.098
32,1pm,69.3918,9.4938,3.299,14.8547,2.9607
32,2pm,73.5281,6.8025,2.3554,14.8319,2.482
32,3pm,71.9343,7.6677,1.2499,16.9833,2.1647
32,4pm,71.9702,5.7452,2.3613,16.9999,2.9234
32,5pm,68.821,7.4528,3.3547,16.8558,3.5156
32,6pm,65.9058,9.5965,3.6286,17.7372,3.1319
32,7pm,55.7689,9.7027,5.179,24.4742,4.8752
32,8pm,52.4018,9.341,6.718,25.0282,6.5109
32,9pm,53.7283,9.2038,5.2054,25.0337,6.8288
32,10pm,56.4736,9.3002,5.3241,22.0018,6.9004
32,11pm,53.7035,12.4769,5.0649,22.1903,6.5644
32,12pm,52.6466,12.6665,5.3944,23.6339,5.6586
32,1am,51.5859,14.8788,5.2153,22.8493,5.4708
32,2am,52.6301,13.1558,5.3208,23.3118,5.5815
32,3am,51.7723,13.394,5.4172,23.7339,5.6826
33,4am,43.9345,25.5347,7.5397,20.1543,2.8368
33,5am,43.9345,25.5347,7.5397,20.1543,2.8368
33,6am,44.7436,24.6718,7.553,20.1899,2.8418
33,7am,44.9342,24.5867,7.5269,20.1202,2.832
33,8am,34.0641,38.2238,6.3846,18.9254,2.4022
33,9am,43.0271,36.3215,5.3151,13.3835,1.9528
33,10am,42.2293,36.1534,5.2799,14.4881,1.8493
33,11am,41.1798,36.7761,4.4145,15.2416,2.388
33,12am,40.5078,36.0432,5.051,15.8845,2.5136
33,1pm,41.1811,37.5135,5.944,13.3605,2.0009
33,2pm,40.4424,39.3955,5.7063,12.7332,1.7226
33,3pm,42.7087,37.5519,4.6134,13.0765,2.0495
33,4pm,43.5641,37.5366,4.5272,12.5009,1.8714
33,5pm,45.9293,33.6817,4.7745,13.6409,1.9736
33,6pm,46.4669,30.3754,5.5061,15.1185,2.5331
33,7pm,44.3983,28.1041,7.1664,17.3127,3.0185
33,8pm,45.7692,25.8231,6.7374,16.8395,4.8309
33,9pm,44.2063,24.9545,6.4602,19.2899,5.0891
33,10pm,44.1792,25.4704,6.5564,18.6292,5.1649
33,11pm,43.7719,24.7563,6.7986,19.3175,5.3557
33,12pm,44.6253,24.1597,7.7086,20.606,2.9004
33,1am,44.6881,24.7649,7.5437,20.165,2.8383
33,2am,44.6881,24.7649,7.5437,20.165,2.8383
33,3am,44.6162,24.2718,7.6832,20.538,2.8908
34,4am,63.7085,9.6509,4.283,17.9751,4.3824
34,5am,63.7085,9.6509,4.283,17.9751,4.3824
34,6am,62.6841,9.9233,4.4039,18.4825,4.5061
34,7am,61.1417,10.2703,4.5961,19.2891,4.7028
34,8am,55.6857,13.3663,4.9427,20.7437,5.2616
34,9am,53.5615,14.7029,5.4484,21.122,5.1651
34,10am,50.1602,14.7555,6.6375,22.388,6.0588
34,11am,49.8555,13.4179,6.6072,25.4216,4.698
34,12am,46.9448,14.4811,8.3717,24.6339,5.5685
34,1pm,50.9929,9.8584,5.619,27.0889,6.4408
34,2pm,52.2063,10.6324,5.8047,25.4171,5.9394
34,3pm,54.803,13.4492,5.8565,21.928,3.9634
34,4pm,57.1048,13.0737,4.8994,20.823,4.0991
34,5pm,57.5184,11.5491,5.5739,21.469,3.8896
34,6pm,56.8789,10.6225,7.6485,20.0842,4.7658
34,7pm,57.5561,9.1041,6.4201,21.8907,5.029
34,8pm,61.1776,9.1806,5.1072,20.0277,4.507
34,9pm,62.2642,8.6926,4.5339,19.8701,4.6392
34,10pm,59.5802,11.4431,4.6586,19.5514,4.7667
34,11pm,60.5051,11.5988,4.4849,18.8223,4.589
34,12pm,62.041,10.1587,4.4695,18.7576,4.5732
34,1am,63.1455,9.8631,4.3394,18.2119,4.4401
34,2am,64.2618,8.9869,4.3008,18.0499,4.4007
34,3am,64.4073,8.3492,4.3799,18.3819,4.4816
35,4am,49.3596,21.2502,7.7776,20.8436,0.7689
35,5am,49.6209,21.1406,7.7375,20.7361,0.7649
35,6am,50.3896,20.818,7.6194,20.4197,0.7533
35,7am,51.7858,20.5561,7.5236,19.3908,0.7438
35,8am,52.5403,17.5376,8.278,20.5369,1.1072
35,9am,54.4616,18.5325,7.0971,18.7727,1.1362
35,10am,52.849,16.6661,8.3621,21.2638,0.8591
35,11am,50.0411,15.5029,6.2129,27.4017,0.8416
35,12am,53.2251,16.4481,5.7619,23.672,0.8929
35,1pm,55.3629,14.4297,8.7902,20.6181,0.7992
35,2pm,56.2927,11.7426,8.7669,20.3753,2.8225
35,3pm,53.881,15.4131,6.6009,20.9332,3.1719
35,4pm,49.918,16.8969,8.3937,19.7595,5.0319
35,5pm,49.7134,19.0938,9.1492,19.5396,2.504
35,6pm,50.8893,17.5802,6.7807,22.1868,2.563
35,7pm,46.3536,22.5001,7.3446,23.0205,0.7812
35,8pm,45.6747,23.7745,6.1587,22.8043,1.5878
35,9pm,45.8951,22.9052,7.508,22.1587,1.5331
35,10pm,45.0464,22.8672,9.3491,21.2556,1.4818
35,11pm,45.484,21.6929,10.0405,22.0286,0.754
35,12pm,48.1132,19.5501,9.3033,22.2711,0.7623
35,1am,48.7588,20.4033,7.7344,22.3389,0.7646
35,2am,48.7588,20.4033,7.7344,22.3389,0.7646
35,3am,48.2662,20.5994,7.8088,22.5536,0.772
36,4am,44.4579,25.9803,6.822,21.4852,1.2546
36,5am,44.4579,25.9803,6.822,21.4852,1.2546
36,6am,46.9578,25.1404,6.4389,20.2787,1.1842
36,7am,51.8279,22.4564,5.7897,18.8612,1.0648
36,8am,55.4694,24.0264,4.3572,15.3457,0.8013
36,9am,55.4479,23.9781,5.007,14.5213,1.0457
36,10am,55.5603,23.1872,5.7685,14.7787,0.7053
36,11am,59.0721,22.2156,6.3386,12.02,0.3537
36,12am,57.7559,21.8267,5.6585,13.1544,1.6046
36,1pm,60.1455,20.1426,5.1208,12.9732,1.6179
36,2pm,54.6384,24.2296,5.2172,14.2743,1.6406
36,3pm,57.0672,23.0414,4.3445,14.6676,0.8793
36,4pm,54.3374,23.727,5.8374,14.0238,2.0744
36,5pm,54.6473,22.6267,4.3997,17.503,0.8233
36,6pm,47.373,23.171,5.869,23.0585,0.5285
36,7pm,48.427,25.2011,7.1854,18.0784,1.1082
36,8pm,48.8945,25.498,6.0549,18.4145,1.1382
36,9pm,45.0953,28.6948,5.6827,19.3762,1.151
36,10pm,46.5768,26.4901,5.7679,20.0175,1.1478
36,11pm,47.7055,27.4342,6.272,17.4641,1.1242
36,12pm,46.5073,27.8457,5.843,18.6062,1.1977
36,1am,43.9172,30.025,6.4778,18.3958,1.1842
36,2am,42.0528,30.9117,6.4039,19.4539,1.1777
36,3am,42.4773,30.2613,6.4573,19.6164,1.1876
37,4am,42.6369,46.076,2.2276,9.0596,0
37,5am,42.8808,45.88,2.2181,9.0211,0
37,6am,42.8089,45.9377,2.2209,9.0324,0
37,7am,44.6482,44.3152,2.1781,8.8585,0
37,8am,48.1803,40.9989,2.1355,8.6853,0
37,9am,58.0566,29.7291,1.8697,10.1855,0.1592
37,10am,59.4206,24.4851,4.0247,10.777,1.2925
37,11am,56.221,24.792,4.6223,13.6472,0.7175
37,12am,56.4492,24.431,2.9527,15.158,1.0091
37,1pm,54.2204,26.9032,3.1669,14.9525,0.757
37,2pm,56.5832,26.5077,2.1832,14.2081,0.5178
37,3pm,54.0868,24.1302,6.0598,14.7139,1.0093
37,4pm,56.9847,24.0335,4.5226,13.9927,0.4664
37,5pm,54.3501,26.0338,4.4251,14.1977,0.9933
37,6pm,53.7102,28.6993,5.1432,11.6602,0.787
37,7pm,50.4153,36.4425,3.6397,9.1294,0.3731
37,8pm,51.0064,35.7293,2.7652,9.7638,0.7354
37,9pm,48.9146,37.7971,3.1301,9.4412,0.717
37,10pm,47.2624,40.233,2.8526,8.8876,0.7644
37,11pm,47.1393,39.9736,2.6553,9.47,0.7617
37,12pm,43.9706,43.1919,2.8709,9.1432,0.8235
37,1am,43.5163,41.7961,5.0248,9.6628,0
37,2am,44.2915,41.235,5.334,9.1395,0
37,3am,42.752,42.3514,5.4899,9.4067,0
38,4am,55.3823,8.4548,0.7743,33.4185,1.9701
38,5am,54.6253,8.5983,0.7874,33.9855,2.0035
38,6am,55.564,7.9305,0.7816,33.7351,1.9888
38,7am,54.3614,7.4208,0.8183,35.3175,2.082
38,8am,50.7445,2.841,1.0347,42.7471,2.6327
38,9am,45.0425,0.9638,1.1769,49.8221,2.9947
38,10am,44.9737,0.9829,1.2002,49.7896,3.0537
38,11am,37.1045,4.8383,1.0533,51.7758,5.2282
38,12am,44.7964,5.7552,1.2529,45.0077,3.1879
38,1pm,45.8186,4.4076,1.1805,45.5896,3.0037
38,2pm,43.7098,6.1797,1.1676,45.9722,2.9708
38,3pm,45.4258,3.2248,0,48.187,3.1624
38,4pm,45.9882,2.8742,0,48.3188,2.8187
38,5pm,49.5348,2.9105,3.1102,41.5902,2.8543
38,6pm,50.9579,5.4167,0.9979,40.0885,2.5391
38,7pm,52.998,6.7253,0.8869,37.1331,2.2567
38,8pm,56.3414,7.8913,0.7836,32.9898,1.9939
38,9pm,57.195,7.6211,0.7568,32.5015,1.9256
38,10pm,57.5752,7.5534,0.7501,32.2128,1.9085
38,11pm,57.9113,7.6949,0.7641,31.6854,1.9443
38,12pm,55.6775,8.3989,0.7692,33.1974,1.9571
